16
1 0 0 0.0 0.0 1.0 1.0 0.0 0.0
1 -1 1.732 0.0 0.0 1.0 1.0 0.0 0.0
1 1 1.732 0.0 0.0 1.0 1.0 0.0 0.0
1 0 3.464 0.0 0.0 1.0 1.0 0.0 0.0
1 -2 3.464 0.0 0.0 1.0 1.0 0.0 0.0
1 2 3.464 0.0 0.0 1.0 1.0 0.0 0.0
1 -1 5.196 0.0 0.0 1.0 1.0 0.0 0.0
1 1 5.196 0.0 0.0 1.0 1.0 0.0 0.0
1 -3 5.196 0.0 0.0 1.0 1.0 0.0 0.0
1 3 5.196 0.0 0.0 1.0 1.0 0.0 0.0
1 0 6.928 0.0 0.0 1.0 1.0 0.0 0.0
1 -2 6.928 0.0 0.0 1.0 1.0 0.0 0.0
1 2 6.928 0.0 0.0 1.0 1.0 0.0 0.0
1 -4 6.928 0.0 0.0 1.0 1.0 0.0 0.0
1 4 6.928 0.0 0.0 1.0 1.0 0.0 0.0
1 0.0 -8 0.0 0.1 1.0 1.0 1.0 1.0
